336000 377600 390400 454400
479520 501119 544320 574560
495600 542800 604160 674960
513600 566400 624000 652799
646400 729600 844800 896000
558080 588800 665600 711680
448000 528640 537600 654080
624800 675920 721360 755440
376640 422400 443520 517440
387280 462480 507600 507600
587520 673920 760320 748800
665280 751520 813120 813120
530720 570400 600160 704320
872000 984000 1056000 1048000
184000 224480 231840 253919
484000 484000 550000 646800
370800 424800 432000 489599
475200 492480 548640 639360
465920 470079 507520 594880
545600 600160 615040 724160
